FamilyID	Populus_trichocarpa<0>	Arabidopsis_thaliana<1>	<2>	Vitis_vinifera<3>	Oryza_sativa<4>	Zea_may<5>	Sequoiadendron_giganteum<6>	Pinus_lambertiana<7>	<8>	<9>	Salvinia_cucullata<10>	Azolla_filiculoides<11>	<12>	Gnetum_montanum<13>	<14>	Amborella_trichopoda<15>	<16>	Ceratopteris_richardii<17>	<18>	<19>	Klebsormidium_flaccidum<20>	Volvox_carteri<21>	<22>	<23>	Spirogloea_muscicola<24>	Mesotaenium_endlicherianum<25>	<26>	Chara_braunii<27>	<28>	Selaginella_moellendorffii<29>	<30>	<31>	<32>	<33>	<34>	Anthoceros_angustus<35>	Physcomitrella_patens<36>	<37>	Marchantia_polymorpha<38>	<39>
OG1G02740	+1	+1	+0	+0	+1	-1	-2	-1	+0	+0	-1	+1	+0	+2	+0	-1	+0	+0	+0	+0	-1	-1	+0	+0	+1	-1	+0	+0	+0	+1	+0	+0	+0	+0	+0	+0	+0	+0	-1	+0
OG1G03750	+0	+1	+0	+0	+0	+0	+1	+2	+0	+0	+0	+0	+0	+0	+0	+1	+0	+0	+0	+0	+0	+0	+0	+0	+2	+0	+0	+0	+0	+0	+0	+0	+0	+0	+0	+0	+0	+0	+0	+0
OG1G04050	+1	+1	+0	-1	-2	+1	-1	+0	+0	+0	+0	+1	+0	+0	+0	+2	+0	+0	+0	+0	+2	-1	+0	+1	-1	-1	+0	+0	+0	-1	+0	+0	+0	-1	+0	-1	+0	+0	+0	+0
OG1G04400	+1	+0	+1	+0	+0	+1	+1	+0	+0	+1	+1	+0	+0	+0	+0	+0	+0	+3	+0	+0	-1	-1	+1	+0	+1	-1	+0	+0	+0	+1	+0	+0	+0	+0	+0	+0	+0	+0	-1	+0
OG1G05490	+2	+2	+0	+0	+2	-2	-2	+2	+0	+1	+0	+0	+0	+1	+0	-1	+0	+1	+0	+1	+1	-2	-1	+1	-1	-1	+0	+0	+0	-2	-1	+0	+0	-2	+0	+4	-1	+0	+1	+0
OG1G08880	+1	+1	+0	+0	-2	+3	+3	+2	+0	+1	-2	+0	+1	-2	+0	-2	-2	+18	+0	+0	-3	+8	+3	+1	+2	-2	+0	-2	+1	-2	+0	+0	+0	-2	+0	-2	+2	+0	-2	+0
OG1G09320	+1	+0	+0	-1	-1	+0	+1	+3	+0	-2	+0	+0	+0	+1	-1	+2	-1	+0	+2	+0	+0	-1	-1	+3	+0	+0	+0	-1	+0	-1	+0	+0	+0	-1	+0	-1	+0	+0	+0	+0
OG1G17730	+1	+1	+0	-1	+0	+0	+0	-1	+0	-1	+2	-1	+0	+0	+0	+0	+0	+1	+0	+0	-1	-1	+0	+0	+1	-1	+0	-1	+0	+0	+0	+0	+0	+0	+0	-1	+2	+0	+0	+0
OG1G18450	+0	+1	+0	+0	+0	+0	+0	+1	+0	-1	-1	+1	+0	+0	+0	+0	+0	+0	+0	+1	+0	+0	+0	+0	+2	+0	+0	+2	+0	+0	+0	+0	+0	+0	+0	+0	+1	+0	+0	+0
OG1G18800	+1	+0	+1	+0	+0	+0	+1	+3	+0	+0	-1	+0	+0	+0	+0	+0	+0	+1	+0	+0	-1	-1	+0	+0	+1	-1	+0	-1	+0	-1	+0	+0	+0	+0	+0	-1	+0	+0	-1	+0
OG1G19100	+0	+2	+0	+0	-1	+2	+1	+2	+1	+0	-1	+0	+0	-2	+1	-1	-1	+5	+0	+0	+0	-1	+0	+0	-1	+0	+0	+2	+0	+2	+0	+0	+1	-2	+0	-2	+5	+0	-2	+0
OG1G20693	+1	+2	+0	-1	-1	+3	-2	+11	+0	+0	+1	-2	+0	-2	+0	+0	+0	+3	+0	+0	-2	+0	+0	+1	+2	+0	+0	-2	+1	-1	+0	+0	+0	-1	+0	-1	+2	+0	-3	+0
OG1G20696	+1	+2	+0	-1	-1	+3	-2	+11	+0	+0	+1	-2	+0	-2	+0	+0	+0	+3	+0	+0	-2	+0	+0	+1	+2	+0	+0	-2	+1	-1	+0	+0	+0	-1	+0	-1	+2	+0	-3	+0
OG1G21700	+1	+0	+0	+0	+1	+0	+1	+1	+0	+1	+0	+0	+0	+1	+0	-1	+0	+1	+0	+0	-1	-1	+0	+1	+1	+0	+0	-1	+1	-1	+0	+0	+0	-1	+0	-1	+4	+0	-1	+0
OG1G26470	+0	+0	+1	+0	+0	+0	+0	+0	+0	+0	+0	+0	+0	+0	+0	+0	+0	+0	+0	+0	-1	-1	+0	+0	+3	-1	+0	+0	+0	+0	+0	+0	+0	+0	+0	+0	+0	+0	+0	+0
OG1G48310	+0	+1	+0	+0	+0	+0	+1	+0	+0	+0	+0	+0	+0	+0	+0	+0	+0	+0	+0	+0	+0	+1	+0	+0	-1	-1	+0	+0	+0	+0	+0	+0	+0	+0	+0	-1	+0	+0	+1	+0
OG1G50410	+0	+2	+1	-1	+0	+1	-1	+0	+0	+0	+0	+0	+0	-1	+1	+0	+0	-1	+0	+0	+0	-1	+0	+0	-1	+0	+0	+0	+0	+4	+0	+0	+0	+0	+0	+1	+0	+0	-1	+0
OG1G54690	+1	+1	+0	+0	-2	+3	+3	+2	+0	+1	-2	+0	+1	-2	+0	-2	-2	+18	+0	+0	-3	+8	+3	+1	+2	-2	+0	-2	+1	-2	+0	+0	+0	-2	+0	-2	+2	+0	-2	+0
OG1G57820	+0	+5	+0	+0	+0	+1	-1	+0	+0	+0	+0	+0	+0	-1	+0	-1	+0	+0	+0	+0	-1	-1	+0	+0	+2	-1	+0	+0	+0	+0	+0	+0	+0	+0	+0	+0	+0	+0	+1	+0
OG1G63490	+1	+2	+1	+0	-1	+2	+0	+6	+0	+0	-1	+2	+0	-1	+0	-1	+0	+0	+0	+0	-1	-2	+0	+1	+2	+0	+0	-1	+0	+1	+0	+0	+0	+0	+0	-1	+2	+0	-1	+0
OG1G65440	+0	+0	+0	+1	+0	+0	+4	+0	+1	-1	+0	+0	+0	+1	+0	-1	+0	+0	+0	+0	-1	-1	+0	+0	+1	-1	+0	+2	+0	-1	+0	+0	+0	+0	+0	-1	+0	+0	-1	+0
OG1G65470	+0	+0	+0	+0	-1	+3	+0	+2	+0	+1	+0	+1	+0	+0	+1	+0	+0	+0	+0	+0	+0	+0	+0	+0	-1	+0	+0	+0	+0	+0	+0	+0	+0	+0	+0	+0	+0	+0	+0	+0
OG1G66080	+0	+1	+0	+0	+0	+0	-1	+1	+0	+0	+1	+0	+0	+0	+0	+0	+0	+1	+0	+0	-1	-1	+0	-1	+2	-1	+0	+0	+0	+0	+0	+0	+0	+0	+0	-1	+2	+0	+0	+0
OG1G66170	+1	-1	+0	+0	+0	+0	+0	-3	+0	-2	+0	+2	+0	+1	+0	+8	+1	-1	+0	+2	-1	-2	+0	+1	+5	+1	+0	+0	+0	-1	+0	+0	+0	+0	+0	+0	-1	+0	-1	+0
OG1G67370	+0	+0	+0	+0	+1	+0	-1	-1	+1	+0	-1	+0	+0	+0	+0	+0	+0	+0	+0	+0	+0	-1	+0	+0	+2	+0	+0	+0	+0	+0	+0	+0	+0	+0	+0	+0	+0	+0	+0	+0
OG1G69770	+0	+1	+0	+2	+0	-2	+3	+1	+0	+0	+0	+2	+1	-2	+0	-1	+1	-1	+0	+0	+0	-1	+0	+0	-1	+1	+0	+0	+1	-1	+0	+0	+0	-1	+0	+0	-1	+0	+0	+0
OG1G73030	+1	+1	+0	-1	+0	+0	+0	-1	+0	-1	+2	-1	+0	+0	+0	+0	+0	+1	+0	+0	-1	-1	+0	+0	+1	-1	+0	-1	+0	+0	+0	+0	+0	+0	+0	-1	+2	+0	+0	+0
OG1G73910	+0	+1	+0	+0	+0	+0	+0	+1	+0	-1	-1	+1	+0	+0	+0	+0	+0	+0	+0	+1	+0	+0	+0	+0	+2	+0	+0	+2	+0	+0	+0	+0	+0	+0	+0	+0	+1	+0	+0	+0
OG1G74560	+1	+0	+1	+0	+0	+0	+1	+3	+0	+0	-1	+0	+0	+0	+0	+0	+0	+1	+0	+0	-1	-1	+0	+0	+1	-1	+0	-1	+0	-1	+0	+0	+0	+0	+0	-1	+0	+0	-1	+0
OG1G77300	+1	+1	+0	+0	-2	+1	+1	+4	+0	-1	+1	-2	+0	-2	+0	-2	+0	+4	+1	+0	+1	-5	+1	+1	+5	-1	+0	+1	+0	-2	+0	+0	+0	+0	+0	-2	+2	+0	+0	+0
OG1G77540	+0	+2	+0	+0	+0	+0	+0	-1	+0	+0	-1	+0	+0	-1	+0	+0	+0	+0	+0	+0	-1	-1	+0	+0	+2	-1	+0	+0	+0	+0	+0	+0	+0	+0	+0	+0	+0	+0	+0	+0
OG1G79350	+1	+0	+0	-1	+2	+0	+2	+2	+0	+0	+0	+1	+1	-1	+0	-1	+0	-1	+0	+0	+2	-2	+0	+0	+1	+1	+0	+0	+0	-1	+0	+0	+0	+0	+0	-1	-1	+0	-1	+0
OG1G79730	+0	+0	+1	+0	+0	+1	+1	+0	+0	+0	-1	+0	+0	+0	+0	+0	+0	+0	+0	+0	-1	-1	+0	+0	+1	+0	+0	+0	+0	+0	+0	+0	+0	+1	+0	+0	+1	+0	+0	+0
OG2G02090	+0	+1	+0	+0	+0	+0	+1	+0	+0	+0	-1	+0	+0	+0	+0	+0	+0	+0	+0	+0	+0	+0	+1	+0	+2	+0	+0	+0	+0	+0	+0	+0	+0	+0	+0	+0	+2	+0	+0	+0
OG2G06510	+0	+2	+0	+0	+0	+0	+1	+1	+0	+0	+1	+0	+0	+0	+0	+0	+0	+1	+0	+0	-1	-1	+0	+0	+1	-1	+0	-1	+0	+0	+0	+0	+0	+0	+0	-1	+0	+0	-1	+0
OG2G07690	+0	+0	+1	+0	+0	+0	+0	+1	+0	+0	+0	+0	+0	+0	+0	+0	+0	+0	+0	+0	+0	+0	+0	+0	+1	+0	+0	+0	+0	+0	+0	+0	+0	+0	+0	+0	+0	+0	+0	+0
OG2G13370	+0	+0	+1	+0	+0	+0	+0	+1	+0	+0	+0	+1	+0	+0	+0	+0	+0	+0	+0	+0	+0	+0	+0	+0	+3	-1	+0	-1	+0	+0	+0	+0	+0	+0	+0	+0	+1	+0	+0	+0
OG2G16390	+2	+2	+0	+0	+2	-2	-2	+2	+0	+1	+0	+0	+0	+1	+0	-1	+0	+1	+0	+1	+1	-2	-1	+1	-1	-1	+0	+0	+0	-2	-1	+0	+0	-2	+0	+4	-1	+0	+1	+0
OG2G16780	+1	+1	+0	-1	+0	+1	-1	+4	+0	+1	+0	+1	+0	+0	+0	-2	+0	+0	+0	+0	+0	+0	+1	+1	+3	+0	+0	+0	+1	+0	+0	+0	+0	+0	+0	+0	+0	+0	+0	+0
OG2G17560	+1	+2	+0	-1	-1	+3	-2	+11	+0	+0	+1	-2	+0	-2	+0	+0	+0	+3	+0	+0	-2	+0	+0	+1	+2	+0	+0	-2	+1	-1	+0	+0	+0	-1	+0	-1	+2	+0	-3	+0
OG2G18760	+0	+1	+0	+0	+1	+0	+0	+0	+0	+0	+0	+0	+0	+0	+0	+0	+0	+0	+0	+0	+0	+0	+0	+0	+2	+0	+0	+0	+0	+0	+0	+0	+0	+0	+0	+1	+1	+0	+0	+0
OG2G19480	+2	+0	+1	-2	+1	+0	+1	+4	+0	+0	+0	+0	+0	-2	+0	-2	+0	+0	+0	+0	-1	+1	+1	+1	+1	-1	+0	+3	+1	+0	+0	+0	+0	+0	+0	-1	+0	+0	-1	+0
OG2G19520	+1	+1	+0	+0	+0	+1	-1	+0	+1	+0	+0	+0	+0	+0	+0	+0	+0	+0	+0	+0	-1	-1	+0	+0	+1	+0	+0	+0	+0	-1	+0	+0	+0	+1	+0	+0	+0	+0	+0	+0
OG2G21450	+2	+2	+0	+0	+2	-2	-2	+2	+0	+1	+0	+0	+0	+1	+0	-1	+0	+1	+0	+1	+1	-2	-1	+1	-1	-1	+0	+0	+0	-2	-1	+0	+0	-2	+0	+4	-1	+0	+1	+0
OG2G22720	+1	+1	+0	-1	+0	+1	+0	+0	+0	+0	+0	-2	+0	+0	+0	+0	+0	+8	+0	+0	-1	-2	+1	+0	+1	-1	+0	-1	+0	-2	+0	+0	+0	+0	+0	-1	+1	+0	-1	+0
OG2G25170	+1	+1	+0	+0	+0	+0	+3	-1	+1	-1	+0	+0	+0	+0	+0	+0	+0	+0	+0	+0	-1	-1	+0	+0	+1	+1	+0	-1	+0	+1	+0	+0	+0	+0	+0	+0	+1	+0	+1	+0
OG2G27350	+0	+0	+1	+0	+0	+1	+0	+3	+0	+0	+0	+0	+0	+0	+0	+0	+0	+0	+0	+0	+0	+0	+0	+0	+2	+0	+0	+0	+0	+2	+0	-1	+0	+0	+0	+0	+0	+0	+0	+0
OG2G28290	+1	+1	+0	+0	-1	+0	+0	+2	+0	+0	+1	+0	+0	-1	+0	+0	+0	+0	+0	+0	+1	-1	+0	+1	+1	+0	+0	+0	+0	+0	+0	+0	+0	+0	+0	+0	+1	+0	+0	+0
OG2G32940	+1	+1	+0	+0	+0	+0	+1	+2	+0	+0	-1	+0	+0	-3	+0	+1	+0	+0	+0	+0	-1	-1	+0	+2	-1	-1	+0	+0	+0	-1	+0	+0	+0	-1	+0	-1	+2	+0	+1	+0
OG2G33610	+1	+0	+0	+0	+1	+0	+1	+1	+0	+1	+0	+0	+0	+1	+0	-1	+0	+1	+0	+0	-1	-1	+0	+1	+1	+0	+0	-1	+1	-1	+0	+0	+0	-1	+0	-1	+4	+0	-1	+0
OG2G43410	+1	+1	+0	-1	+0	+0	+0	+2	+0	+0	-1	+0	+0	-1	+0	+0	+0	+4	+0	+0	-1	+0	+1	+0	+1	-1	+0	-1	+0	-2	+0	+0	+0	+0	+0	-1	+0	+0	-1	+0
OG2G44980	+0	+1	+0	+0	-1	+0	+0	+1	+0	+0	+0	+0	+0	+0	+0	-1	+0	+1	+0	+0	+0	-1	+0	+0	-1	-1	+0	+0	+0	-1	+0	+0	+0	+0	+0	-1	+0	+0	+0	+0
OG2G46020	+0	+0	+0	-1	+0	+0	+2	-1	+0	-1	+0	+0	+0	+0	+0	+0	+0	+0	+0	+0	+0	+0	+0	+1	+3	+0	+0	+0	+0	+0	+0	+0	+0	+0	+0	+0	+1	+0	+0	+0
OG3G01460	+0	+0	+0	+4	+0	-1	-1	+1	+0	+0	+0	+0	+0	-1	+0	-1	+0	+0	+0	+0	+0	-1	-1	+0	+1	+1	+0	-1	+0	-2	+0	-1	+0	+0	+0	+0	+2	+0	-1	+0
OG3G01890	+1	+0	+1	+0	-1	+1	+0	+0	+0	+0	+0	+0	+0	+0	+1	+0	+0	+0	+0	+0	+0	+0	+0	+0	+5	+0	+0	+1	+0	+0	+0	+0	+0	+0	+0	+0	+2	+0	+0	+0
OG3G03460	+0	+1	+0	-1	+2	+0	-1	+1	+0	+1	+0	+0	+0	+0	+0	-1	+0	+0	+0	+0	+0	+0	+0	+0	-1	-1	+0	+0	+1	-1	+0	+0	+0	+0	+0	+0	+1	+0	+0	+0
OG3G04380	+1	+1	+0	-1	-2	+1	-1	+0	+0	+0	+0	+1	+0	+0	+0	+2	+0	+0	+0	+0	+2	-1	+0	+1	-1	-1	+0	+0	+0	-1	+0	+0	+0	-1	+0	-1	+0	+0	+0	+0
OG3G06010	+1	+1	+0	+0	-1	+0	+0	+2	+0	+0	+1	+0	+0	-1	+0	+0	+0	+0	+0	+0	+1	-1	+0	+1	+1	+0	+0	+0	+0	+0	+0	+0	+0	+0	+0	+0	+1	+0	+0	+0
OG3G06400	+0	+1	+0	-1	+0	-1	-1	+2	-1	+0	+0	+0	+0	-1	+0	+0	+0	-1	+0	+0	-1	-1	+0	+0	+1	-1	+0	+0	+0	-1	+0	+0	+0	-1	+0	+0	+3	+0	-1	+0
OG3G07220	-1	+1	+0	-1	+0	+0	+1	+2	+0	+1	-1	+0	+0	+0	+0	-1	+0	+0	+0	+0	-1	-2	+0	+0	+1	-1	+0	-1	+0	+0	+0	+0	+0	+0	+0	-1	+2	+0	-1	+0
OG3G07610	+1	-1	+0	+1	+0	-1	+0	+7	+1	-1	+3	+0	+0	-2	+0	+0	+0	+1	+0	+0	-1	-2	+2	+2	+0	-1	+0	+0	+2	-3	+0	+0	+0	+0	+0	-1	+1	+0	-1	+0
OG3G10390	+1	+1	+0	+0	+0	+0	+1	+0	+0	+0	-1	+0	+0	+0	+0	+1	+0	+0	+0	+0	-1	-1	+0	+1	+1	-1	+0	-1	+0	-1	+0	+0	+0	+0	+0	-1	+0	+0	+0	+0
OG3G11450	+0	+1	+1	+0	+0	+1	+0	+1	+0	+0	+3	+0	+0	+0	+0	+0	+1	+0	+0	+0	+0	+0	+0	+0	+2	+0	+0	+0	+0	+0	+0	+0	+0	+0	+0	+0	+2	+0	+0	+0
OG3G12810	+0	+0	+0	-1	-1	+0	-2	+0	+0	+0	+0	+0	+0	+4	+0	-1	+0	+0	+0	+0	+0	-1	+0	+1	+3	+0	+0	+1	+0	-1	+0	+0	+0	+0	+0	+0	+1	+0	+0	+0
OG3G13782	+2	+0	+1	-2	+1	+0	+1	+4	+0	+0	+0	+0	+0	-2	+0	-2	+0	+0	+0	+0	-1	+1	+1	+1	+1	-1	+0	+3	+1	+0	+0	+0	+0	+0	+0	-1	+0	+0	-1	+0
OG3G20010	+0	+2	+1	-1	+0	+1	-1	+0	+0	+0	+0	+0	+0	-1	+1	+0	+0	-1	+0	+0	+0	-1	+0	+0	-1	+0	+0	+0	+0	+4	+0	+0	+0	+0	+0	+1	+0	+0	-1	+0
OG3G23780	+0	+1	+0	-1	-1	+2	+0	+1	+0	+0	+0	-1	+0	+2	+0	+0	+0	+1	+1	-1	-1	-2	+1	+0	+0	-1	+0	+1	+0	-1	+0	+0	+0	-1	+0	+3	-1	+0	-2	+0
OG3G24340	+2	+2	+0	+0	+2	-2	-2	+2	+0	+1	+0	+0	+0	+1	+0	-1	+0	+1	+0	+1	+1	-2	-1	+1	-1	-1	+0	+0	+0	-2	-1	+0	+0	-2	+0	+4	-1	+0	+1	+0
OG3G28730	+0	+0	+0	-1	+0	+0	+0	+0	+0	+0	+0	+1	+0	-1	+0	-1	+0	+0	+0	+0	-1	-1	+0	+0	+1	-1	+0	-1	+0	-1	+0	+0	+0	+0	+0	+0	-1	+0	-1	+0
OG3G33520	+0	+1	+0	+0	+0	+1	+1	+1	+0	+0	+0	+0	+0	+0	+0	+0	+0	+0	+0	+0	+0	+0	+0	+0	+2	+0	+0	+0	+0	+0	+0	+0	+0	+0	+0	+0	+0	+0	+0	+0
OG3G42670	+2	+2	+0	+0	+2	-2	-2	+2	+0	+1	+0	+0	+0	+1	+0	-1	+0	+1	+0	+1	+1	-2	-1	+1	-1	-1	+0	+0	+0	-2	-1	+0	+0	-2	+0	+4	-1	+0	+1	+0
OG3G43240	+0	+0	+0	+0	+3	+0	+0	+0	+0	+1	-1	+0	+0	+0	+1	+0	+0	+0	+0	+0	+0	+0	+1	+0	-1	+0	+0	+0	+0	+0	+0	+0	+0	+0	+0	+0	+1	+0	+0	+0
OG3G44530	+0	+0	+1	+0	+0	+1	+0	+0	+0	+0	+0	+0	+0	+0	+0	+0	+0	+0	+0	+0	+0	+0	+0	+0	+3	+0	+0	+0	+0	+1	+0	+0	+0	+0	+0	+0	+1	+0	+0	+0
OG3G48710	+1	+2	+0	-1	-1	+1	+0	+1	+0	+0	+1	+0	+0	+1	+0	-2	+0	+0	+0	+0	+0	+0	+1	+1	+2	+0	+0	+0	+1	+0	+0	+0	+0	+0	+0	-1	+0	+0	+0	+0
OG3G49600	+0	+0	+0	-1	-1	+0	+0	+0	+0	+0	+0	+1	+0	-1	+0	-1	+0	+0	+0	+0	+0	+0	+0	+1	+2	+0	+0	+0	+0	+0	+0	+0	+0	+0	+0	-1	+0	+0	+0	+0
OG3G51880	+1	+2	+0	-1	-1	+3	-2	+11	+0	+0	+1	-2	+0	-2	+0	+0	+0	+3	+0	+0	-2	+0	+0	+1	+2	+0	+0	-2	+1	-1	+0	+0	+0	-1	+0	-1	+2	+0	-3	+0
OG3G55580	+1	+0	+1	+0	+0	+1	+0	+0	+0	+0	-1	+0	+0	-1	+0	+0	+0	+0	+0	+0	+0	-1	+0	+1	+2	+0	+0	-1	+0	+0	+0	+0	+0	+0	+0	+0	+3	+0	+0	+0
OG4G02060	+0	+1	+0	+0	+0	+1	+1	+0	+0	+0	+0	+0	+0	+0	+0	+0	+0	+0	+0	+0	+0	+0	+0	+0	+2	+0	+0	+0	+0	+0	+0	+0	+0	+0	+0	+0	+0	+0	+0	+0
OG4G05420	+0	+2	+0	+0	+0	+1	+1	+1	+0	+0	+0	+2	+0	+0	+0	+0	+0	+0	+0	+0	+0	+0	+0	+0	+2	+0	+0	+0	+0	+0	+0	+0	+0	+0	+0	+0	+1	+0	+0	+0
OG4G10180	+0	+1	+0	+0	+0	+2	+1	+1	+0	+1	+0	+0	+0	+0	+0	+0	+0	+0	+0	+0	+0	+0	+0	+0	+2	+0	+0	+0	+0	+0	+0	+0	+0	+0	+0	+0	+2	+0	+0	+0
OG4G10670	+1	+0	+1	+0	+1	-1	+1	+2	+0	+0	+0	-1	+0	+0	+0	+0	+0	+1	+0	+0	+0	+0	+0	+1	+1	+0	+0	+0	+0	+0	+0	+0	+0	+0	+0	+1	+0	+0	+0	+0
OG4G10710	+1	+0	+1	+0	+1	-1	+1	+2	+0	+0	+0	-1	+0	+0	+0	+0	+0	+1	+0	+0	+0	+0	+0	+1	+1	+0	+0	+0	+0	+0	+0	+0	+0	+0	+0	+1	+0	+0	+0	+0
OG4G16280	+0	+1	+0	+0	+0	+0	+2	+2	+0	+0	-2	+0	+1	-1	+0	-2	+0	+1	+0	+0	-1	+0	+0	+1	+2	-1	+0	+0	+0	-1	+0	+0	+0	+0	+0	-2	+1	+0	-1	+0
OG4G22140	+3	+0	+0	-1	+0	+1	+1	+0	+0	+0	+0	-1	+0	-1	+0	-2	+0	+2	+0	+0	+0	-2	+0	+0	+1	-1	+0	-2	+0	-2	+0	+0	+0	-1	+0	-3	+5	+0	-1	+0
OG4G26630	+1	+2	+0	-1	-1	+1	+0	+1	+0	+0	+1	+0	+0	+1	+0	-2	+0	+0	+0	+0	+0	+0	+1	+1	+2	+0	+0	+0	+1	+0	+0	+0	+0	+0	+0	-1	+0	+0	+0	+0
OG4G29730	+1	+1	+0	+0	+0	+1	-1	+0	+1	+0	+0	+0	+0	+0	+0	+0	+0	+0	+0	+0	-1	-1	+0	+0	+1	+0	+0	+0	+0	-1	+0	+0	+0	+1	+0	+0	+0	+0	+0	+0
OG4G29830	+0	+1	+0	+1	+0	+0	+2	+0	+0	+0	-1	+0	+0	+0	+0	+0	+0	+0	+0	+0	+0	+0	+0	+0	+2	+0	+0	+0	+0	+0	+0	+0	+0	+0	+0	+1	+1	+0	+0	+0
OG4G31900	+1	+1	+0	+0	+0	+0	+3	-1	+1	-1	+0	+0	+0	+0	+0	+0	+0	+0	+0	+0	-1	-1	+0	+0	+1	+1	+0	-1	+0	+1	+0	+0	+0	+0	+0	+0	+1	+0	+1	+0
OG4G32620	+1	+0	+1	+0	-1	+2	+0	+0	+0	+1	-1	+0	+0	+0	+0	+0	+0	-1	+0	+0	-1	-2	+0	+0	+1	-1	+0	-1	+0	-1	+0	+0	+0	+0	+0	+0	+0	+0	-1	+0
OG4G35050	+1	+1	+0	-1	+0	+1	-1	+4	+0	+1	+0	+1	+0	+0	+0	-2	+0	+0	+0	+0	+0	+0	+1	+1	+3	+0	+0	+0	+1	+0	+0	+0	+0	+0	+0	+0	+0	+0	+0	+0
OG4G35570	+1	+2	+0	-1	-1	+3	-2	+11	+0	+0	+1	-2	+0	-2	+0	+0	+0	+3	+0	+0	-2	+0	+0	+1	+2	+0	+0	-2	+1	-1	+0	+0	+0	-1	+0	-1	+2	+0	-3	+0
OG4G36290	+0	+2	+0	+0	-1	+2	+1	+2	+1	+0	-1	+0	+0	-2	+1	-1	-1	+5	+0	+0	+0	-1	+0	+0	-1	+0	+0	+2	+0	+2	+0	+0	+1	-2	+0	-2	+5	+0	-2	+0
OG4G37280	+1	+1	+0	+0	+1	-1	-2	-1	+0	+0	-1	+1	+0	+2	+0	-1	+0	+0	+0	+0	-1	-1	+0	+0	+1	-1	+0	+0	+0	+1	+0	+0	+0	+0	+0	+0	+0	+0	-1	+0
OG4G37860	+1	+1	+0	-1	+0	+1	+0	+0	+0	+0	+0	-2	+0	+0	+0	+0	+0	+8	+0	+0	-1	-2	+1	+0	+1	-1	+0	-1	+0	-2	+0	+0	+0	+0	+0	-1	+1	+0	-1	+0
OG4G38495	+0	+1	+0	+0	+0	+0	+0	+0	+0	+0	+1	+0	+0	+1	+0	+0	+0	+0	+0	+0	+0	-1	+0	+0	+2	+0	+0	+0	+0	+1	+0	+0	+0	+0	+0	-1	+2	+0	+0	+0
OG5G04670	+1	+0	+1	+0	-1	+2	+0	+0	+0	+1	-1	+0	+0	+0	+0	+0	+0	-1	+0	+0	-1	-2	+0	+0	+1	-1	+0	-1	+0	-1	+0	+0	+0	+0	+0	+0	+0	+0	-1	+0
OG5G06110	+0	+1	+1	+0	+0	+1	+0	+1	+0	+0	+3	+0	+0	+0	+0	+0	+1	+0	+0	+0	+0	+0	+0	+0	+2	+0	+0	+0	+0	+0	+0	+0	+0	+0	+0	+0	+2	+0	+0	+0
OG5G09790	+1	+0	+0	+0	+0	+0	+2	+0	+1	+0	+0	+0	+0	+0	+0	-1	+0	+1	+0	+0	-1	-1	+0	+0	-1	+0	+0	+1	+0	-1	+0	+0	+0	-1	+0	+0	+1	+0	-1	+0
OG5G12910	+3	+2	+1	-1	-1	+4	+4	+8	+1	+2	-2	-1	+1	-7	+1	-8	-4	+26	+1	-1	+1	+5	+1	+1	-4	-2	+0	-2	+1	-3	-2	+0	+0	-2	+0	-2	+8	-1	+0	+0
OG5G14170	+1	+0	+1	+0	-1	+1	+0	+0	+0	+0	+0	+0	+0	+0	+1	+0	+0	+0	+0	+0	+0	+0	+0	+0	+5	+0	+0	+1	+0	+0	+0	+0	+0	+0	+0	+0	+2	+0	+0	+0
OG5G17690	+0	+0	+0	-1	+0	-1	+0	+0	+0	-1	+0	+0	+0	+0	+0	-1	-1	+1	+0	+0	+0	+0	+0	+0	+0	+0	+0	+0	+0	-2	+0	+0	+0	-2	+0	+1	-1	+0	+1	+0
OG5G18620	+0	+1	+0	-1	+0	-1	-1	+2	-1	+0	+0	+0	+0	-1	+0	+0	+0	-1	+0	+0	-1	-1	+0	+0	+1	-1	+0	+0	+0	-1	+0	+0	+0	-1	+0	+0	+3	+0	-1	+0
OG5G19310	+1	+1	+0	+0	-1	+0	+0	+2	+0	+0	+1	+0	+0	-1	+0	+0	+0	+0	+0	+0	+1	-1	+0	+1	+1	+0	+0	+0	+0	+0	+0	+0	+0	+0	+0	+0	+1	+0	+0	+0
OG5G20420	+2	+2	+0	+0	+2	-2	-2	+2	+0	+1	+0	+0	+0	+1	+0	-1	+0	+1	+0	+1	+1	-2	-1	+1	-1	-1	+0	+0	+0	-2	-1	+0	+0	-2	+0	+4	-1	+0	+1	+0
OG5G24330	+1	+0	+0	+0	+0	+0	+2	+0	+1	+0	+0	+0	+0	+0	+0	-1	+0	+1	+0	+0	-1	-1	+0	+0	-1	+0	+0	+1	+0	-1	+0	+0	+0	-1	+0	+0	+1	+0	-1	+0
OG5G43990	+1	+1	+0	-1	-2	+1	-1	+0	+0	+0	+0	+1	+0	+0	+0	+2	+0	+0	+0	+0	+2	-1	+0	+1	-1	-1	+0	+0	+0	-1	+0	+0	+0	-1	+0	-1	+0	+0	+0	+0
OG5G44180	+0	-1	+0	+1	-2	+3	+0	+1	+1	+0	+0	+1	+0	-1	+1	-1	+0	+0	+0	+0	-1	-2	+0	+1	-2	+0	+0	+0	+0	+0	+0	+0	+0	+0	+0	-1	+0	+0	-1	+0
OG5G44800	+0	+0	+1	+0	+0	-1	+0	-1	+0	+0	+0	+0	+0	+0	+0	+0	+0	+0	+0	+0	-1	+0	+0	+0	+2	+0	+0	+1	+0	+0	+0	+0	+0	+0	+0	+0	+1	+0	+0	+0
OG5G45600	+1	+1	+0	+0	+0	+0	+1	+0	+1	+0	+0	+0	+0	+0	+0	+0	+0	+0	+0	+0	+0	+0	+0	+0	+2	+0	+0	+0	+0	+0	+0	+0	+0	+0	+0	+2	+1	+0	+0	+0
OG5G55660	+1	+2	+0	-1	-1	+1	+0	+1	+0	+0	+1	+0	+0	+1	+0	-2	+0	+0	+0	+0	+0	+0	+1	+1	+2	+0	+0	+0	+1	+0	+0	+0	+0	+0	+0	-1	+0	+0	+0	+0
OG5G56950	+2	+0	+1	-2	+1	+0	+1	+4	+0	+0	+0	+0	+0	-2	+0	-2	+0	+0	+0	+0	-1	+1	+1	+1	+1	-1	+0	+3	+1	+0	+0	+0	+0	+0	+0	-1	+0	+0	-1	+0
OG5G58230	+1	+1	+0	-1	+0	+1	-1	+4	+0	+1	+0	+1	+0	+0	+0	-2	+0	+0	+0	+0	+0	+0	+1	+1	+3	+0	+0	+0	+1	+0	+0	+0	+0	+0	+0	+0	+0	+0	+0	+0
OG5G61070	+0	+3	+0	+0	+0	+0	+0	+1	+0	+0	+0	+0	+0	+0	+0	+0	+0	+0	+0	+0	+1	-1	+0	+0	+2	+0	+0	+0	+0	+0	+0	+0	+0	+0	+0	-1	+0	+0	+1	+0
OG5G63550	+1	+2	+0	-1	-1	+1	+0	+1	+0	+0	+1	+0	+0	+1	+0	-2	+0	+0	+0	+0	+0	+0	+1	+1	+2	+0	+0	+0	+1	+0	+0	+0	+0	+0	+0	-1	+0	+0	+0	+0
OG5G63860	+0	+1	+0	+0	+1	+0	+1	+2	+0	+0	+0	+0	+0	+0	+0	+0	+0	+0	+0	+0	+0	+1	+0	+0	+2	+0	+0	+1	+0	+0	+0	+0	+0	+0	+0	+0	+1	+0	+0	+0
OG5G63950	+0	+0	+0	-1	+1	-1	+0	+3	+0	+0	+0	+0	+1	-1	+0	+0	+0	+1	+0	+0	+0	+0	+0	+1	+4	+0	+0	+0	+0	+0	+0	+0	+0	+0	+0	+0	+1	+0	+0	+0
OG5G64630	+0	+1	+0	+0	+0	+0	+1	+1	+0	+0	+0	+0	+0	+0	+0	+0	+0	+0	+0	+0	+0	+1	+0	+0	+2	+0	+0	+0	+0	-1	+0	+0	+0	+0	+0	+0	+1	+0	+0	+0
OG5G66750	+0	+0	+0	-1	+0	+0	+0	+1	+0	+0	+0	+0	+0	+0	+1	+0	+0	+1	+0	+0	+0	+0	+0	+0	+2	+0	+0	+0	+0	+0	+0	+0	+0	+0	+0	+0	+0	+0	+0	+0
OG5G67100	+0	+1	+0	+0	+0	+0	+2	+0	+0	+0	+0	+0	+0	+0	+0	+0	+0	+0	+1	+0	+0	+0	+0	+0	+2	+0	+0	+0	+0	+2	+0	+0	+0	+0	+0	+1	+0	+0	+0	+0
